Result: [Record([("output", String("[[0.0,1.0,2.0,3.0,4.0,5.0,6.0,7.0,8.0,9.0,10.0,11.0,12.0,13.0,14.0],[0.0,2.0,4.0,6.0,8.0,10.0,12.0,14.0,16.0,18.0,20.0,22.0,24.0,26.0,28.0],[0.0,3.0,6.0,9.0,12.0,15.0,18.0,21.0,24.0,27.0,30.0,33.0,36.0,39.0,42.0],[0.0,4.0,8.0,12.0,16.0,20.0,24.0,28.0,32.0,36.0,40.0,44.0,48.0,52.0,56.0],[0.0,5.0,10.0,15.0,20.0,25.0,30.0,35.0,40.0,45.0,50.0,55.0,60.0,65.0,70.0],[0.0,6.0,12.0,18.0,24.0,30.0,36.0,42.0,48.0,54.0,60.0,66.0,72.0,78.0,84.0],[0.0,7.0,14.0,21.0,28.0,35.0,42.0,49.0,56.0,63.0,70.0,77.0,84.0,91.0,98.0],[0.0,8.0,16.0,24.0,32.0,40.0,48.0,56.0,64.0,72.0,80.0,88.0,96.0,104.0,112.0],[0.0,9.0,18.0,27.0,36.0,45.0,54.0,63.0,72.0,81.0,90.0,99.0,108.0,117.0,126.0],[0.0,10.0,20.0,30.0,40.0,50.0,60.0,70.0,80.0,90.0,100.0,110.0,120.0,130.0,140.0]]"))])]